/*---------------------------------------------------------------------------*\
| =========                 |                                                 |
| \\      /  F ield         | OpenFOAM: The Open Source CFD Toolbox           |
|  \\    /   O peration     | Version:  1.3                                   |
|   \\  /    A nd           | Web:      http://www.openfoam.org               |
|    \\/     M anipulation  |                                                 |
\*---------------------------------------------------------------------------*/
FoamFile
{
    version     2.0;
    format      ascii;
    class       dictionary;
    location    "constant";
    object      IHWavesDict;
}
// * * * * * * * * * * * * * * * * * * * * * * * * * * * * * * * * * * * * * //

waveType        irregular;

genAbs          1;

absDir          0.0;

nPaddles        25;

tSmooth         3;

wavePeriods
842
(
1.231250
1.231250
1.231250
1.231250
1.231250
1.231250
1.110664
1.231250
1.110664
1.231250
1.351837
1.110664
1.231250
1.351837
1.110664
1.231250
1.351837
1.110664
1.231250
1.351837
1.110664
1.231250
1.351837
4.125324
1.110664
1.231250
1.351837
4.004737
4.125324
1.110664
1.231250
1.351837
1.472423
4.004737
4.125324
1.110664
1.231250
1.351837
1.472423
3.884151
4.004737
4.125324
4.245910
4.366496
1.110664
1.231250
1.351837
1.472423
3.884151
4.004737
4.125324
4.245910
4.366496
1.110664
1.231250
1.351837
1.472423
3.884151
4.004737
4.125324
4.245910
4.366496
4.487083
1.110664
1.231250
1.351837
1.472423
1.593010
3.884151
4.004737
4.125324
4.245910
4.366496
4.487083
1.110664
1.231250
1.351837
1.472423
1.593010
3.884151
4.004737
4.125324
4.245910
4.366496
4.487083
4.607669
1.110664
1.231250
1.351837
1.472423
1.593010
3.884151
4.004737
4.125324
4.245910
4.366496
4.487083
4.607669
1.110664
1.231250
1.351837
1.472423
1.593010
1.713596
3.763565
3.884151
4.004737
4.125324
4.245910
4.366496
4.487083
4.607669
4.728256
1.110664
1.231250
1.351837
1.472423
1.593010
1.713596
3.763565
3.884151
4.004737
4.125324
4.245910
4.366496
4.487083
4.607669
4.728256
1.110664
1.231250
1.351837
1.472423
1.593010
1.713596
3.763565
3.884151
4.004737
4.125324
4.245910
4.366496
4.487083
4.607669
4.728256
1.110664
1.231250
1.351837
1.472423
1.593010
1.713596
1.834182
3.763565
3.884151
4.004737
4.125324
4.245910
4.366496
4.487083
4.607669
4.728256
4.848842
1.110664
1.231250
1.351837
1.472423
1.593010
1.713596
1.834182
3.763565
3.884151
4.004737
4.125324
4.245910
4.366496
4.487083
4.607669
4.728256
4.848842
1.110664
1.231250
1.351837
1.472423
1.593010
1.713596
1.834182
3.763565
3.884151
4.004737
4.125324
4.245910
4.366496
4.487083
4.607669
4.728256
4.848842
4.969428
1.110664
1.231250
1.351837
1.472423
1.593010
1.713596
1.834182
3.763565
3.884151
4.004737
4.125324
4.245910
4.366496
4.487083
4.607669
4.728256
4.848842
4.969428
1.110664
1.231250
1.351837
1.472423
1.593010
1.713596
1.834182
3.763565
3.884151
4.004737
4.125324
4.245910
4.366496
4.487083
4.607669
4.728256
4.848842
4.969428
0.990078
1.110664
1.231250
1.351837
1.472423
1.593010
1.713596
1.834182
1.954769
3.763565
3.884151
4.004737
4.125324
4.245910
4.366496
4.487083
4.607669
4.728256
4.848842
4.969428
5.090015
0.990078
1.110664
1.231250
1.351837
1.472423
1.593010
1.713596
1.834182
1.954769
3.642978
3.763565
3.884151
4.004737
4.125324
4.245910
4.366496
4.487083
4.607669
4.728256
4.848842
4.969428
5.090015
0.990078
1.110664
1.231250
1.351837
1.472423
1.593010
1.713596
1.834182
1.954769
3.642978
3.763565
3.884151
4.004737
4.125324
4.245910
4.366496
4.487083
4.607669
4.728256
4.848842
4.969428
5.090015
5.210601
0.990078
1.110664
1.231250
1.351837
1.472423
1.593010
1.713596
1.834182
1.954769
3.642978
3.763565
3.884151
4.004737
4.125324
4.245910
4.366496
4.487083
4.607669
4.728256
4.848842
4.969428
5.090015
5.210601
0.990078
1.110664
1.231250
1.351837
1.472423
1.593010
1.713596
1.834182
1.954769
3.642978
3.763565
3.884151
4.004737
4.125324
4.245910
4.366496
4.487083
4.607669
4.728256
4.848842
4.969428
5.090015
5.210601
0.990078
1.110664
1.231250
1.351837
1.472423
1.593010
1.713596
1.834182
1.954769
3.642978
3.763565
3.884151
4.004737
4.125324
4.245910
4.366496
4.487083
4.607669
4.728256
4.848842
4.969428
5.090015
5.210601
0.990078
1.110664
1.231250
1.351837
1.472423
1.593010
1.713596
1.834182
1.954769
3.642978
3.763565
3.884151
4.004737
4.125324
4.245910
4.366496
4.487083
4.607669
4.728256
4.848842
4.969428
5.090015
5.210601
0.990078
1.110664
1.231250
1.351837
1.472423
1.593010
1.713596
1.834182
1.954769
3.642978
3.763565
3.884151
4.004737
4.125324
4.245910
4.366496
4.487083
4.607669
4.728256
4.848842
4.969428
5.090015
5.210601
5.331188
0.990078
1.110664
1.231250
1.351837
1.472423
1.593010
1.713596
1.834182
1.954769
3.642978
3.763565
3.884151
4.004737
4.125324
4.245910
4.366496
4.487083
4.607669
4.728256
4.848842
4.969428
5.090015
5.210601
5.331188
0.990078
1.110664
1.231250
1.351837
1.472423
1.593010
1.713596
1.834182
1.954769
3.642978
3.763565
3.884151
4.004737
4.125324
4.245910
4.366496
4.487083
4.607669
4.728256
4.848842
4.969428
5.090015
5.210601
0.990078
1.110664
1.231250
1.351837
1.472423
1.593010
1.713596
1.834182
1.954769
3.642978
3.763565
3.884151
4.004737
4.125324
4.245910
4.366496
4.487083
4.607669
4.728256
4.848842
4.969428
5.090015
5.210601
0.990078
1.110664
1.231250
1.351837
1.472423
1.593010
1.713596
1.834182
1.954769
3.642978
3.763565
3.884151
4.004737
4.125324
4.245910
4.366496
4.487083
4.607669
4.728256
4.848842
4.969428
5.090015
5.210601
0.990078
1.110664
1.231250
1.351837
1.472423
1.593010
1.713596
1.834182
1.954769
3.642978
3.763565
3.884151
4.004737
4.125324
4.245910
4.366496
4.487083
4.607669
4.728256
4.848842
4.969428
5.090015
5.210601
0.990078
1.110664
1.231250
1.351837
1.472423
1.593010
1.713596
1.834182
1.954769
3.642978
3.763565
3.884151
4.004737
4.125324
4.245910
4.366496
4.487083
4.607669
4.728256
4.848842
4.969428
5.090015
5.210601
0.990078
1.110664
1.231250
1.351837
1.472423
1.593010
1.713596
1.834182
1.954769
3.642978
3.763565
3.884151
4.004737
4.125324
4.245910
4.366496
4.487083
4.607669
4.728256
4.848842
4.969428
5.090015
0.990078
1.110664
1.231250
1.351837
1.472423
1.593010
1.713596
1.834182
1.954769
3.642978
3.763565
3.884151
4.004737
4.125324
4.245910
4.366496
4.487083
4.607669
4.728256
4.848842
4.969428
5.090015
0.990078
1.110664
1.231250
1.351837
1.472423
1.593010
1.713596
1.834182
3.763565
3.884151
4.004737
4.125324
4.245910
4.366496
4.487083
4.607669
4.728256
4.848842
4.969428
5.090015
1.110664
1.231250
1.351837
1.472423
1.593010
1.713596
1.834182
3.763565
3.884151
4.004737
4.125324
4.245910
4.366496
4.487083
4.607669
4.728256
4.848842
4.969428
1.110664
1.231250
1.351837
1.472423
1.593010
1.713596
1.834182
3.763565
3.884151
4.004737
4.125324
4.245910
4.366496
4.487083
4.607669
4.728256
4.848842
4.969428
1.110664
1.231250
1.351837
1.472423
1.593010
1.713596
1.834182
3.763565
3.884151
4.004737
4.125324
4.245910
4.366496
4.487083
4.607669
4.728256
4.848842
4.969428
1.110664
1.231250
1.351837
1.472423
1.593010
1.713596
1.834182
3.763565
3.884151
4.004737
4.125324
4.245910
4.366496
4.487083
4.607669
4.728256
4.848842
1.110664
1.231250
1.351837
1.472423
1.593010
1.713596
1.834182
3.763565
3.884151
4.004737
4.125324
4.245910
4.366496
4.487083
4.607669
4.728256
4.848842
1.110664
1.231250
1.351837
1.472423
1.593010
1.713596
3.763565
3.884151
4.004737
4.125324
4.245910
4.366496
4.487083
4.607669
4.728256
1.110664
1.231250
1.351837
1.472423
1.593010
1.713596
3.763565
3.884151
4.004737
4.125324
4.245910
4.366496
4.487083
4.607669
4.728256
1.110664
1.231250
1.351837
1.472423
1.593010
1.713596
3.763565
3.884151
4.004737
4.125324
4.245910
4.366496
4.487083
4.607669
1.110664
1.231250
1.351837
1.472423
1.593010
3.884151
4.004737
4.125324
4.245910
4.366496
4.487083
4.607669
1.110664
1.231250
1.351837
1.472423
1.593010
3.884151
4.004737
4.125324
4.245910
4.366496
4.487083
4.607669
1.110664
1.231250
1.351837
1.472423
1.593010
3.884151
4.004737
4.125324
4.245910
4.366496
4.487083
1.110664
1.231250
1.351837
1.472423
3.884151
4.004737
4.125324
4.245910
4.366496
4.487083
1.110664
1.231250
1.351837
1.472423
3.884151
4.004737
4.125324
4.245910
4.366496
1.110664
1.231250
1.351837
1.472423
4.004737
4.125324
4.245910
1.110664
1.231250
1.351837
4.004737
4.125324
1.110664
1.231250
1.351837
4.004737
4.125324
1.110664
1.231250
1.351837
4.125324
1.110664
1.231250
1.351837
1.110664
1.231250
1.351837
1.110664
1.231250
1.351837
1.110664
1.231250
1.110664
1.231250
1.231250
1.231250
1.231250
1.231250
1.231250
1.231250
);
waveHeights
842
(
0.004247
0.004603
0.004974
0.005360
0.005760
0.006172
0.004247
0.006596
0.004429
0.007031
0.004138
0.004611
0.007474
0.004523
0.004793
0.007926
0.004926
0.004973
0.008384
0.005346
0.005152
0.008847
0.005780
0.004300
0.005329
0.009313
0.006228
0.004287
0.004531
0.005504
0.009781
0.006688
0.004117
0.004481
0.004763
0.005675
0.010248
0.007157
0.004390
0.004116
0.004674
0.004994
0.004364
0.004150
0.005843
0.010713
0.007634
0.004666
0.004265
0.004865
0.005225
0.004665
0.004430
0.006008
0.011173
0.008116
0.004945
0.004410
0.005054
0.005454
0.004969
0.004714
0.004278
0.006167
0.011627
0.008600
0.005224
0.004209
0.004553
0.005239
0.005680
0.005276
0.005000
0.004532
0.006322
0.012073
0.009083
0.005502
0.004422
0.004692
0.005420
0.005902
0.005583
0.005285
0.004787
0.004247
0.006471
0.012509
0.009564
0.005777
0.004632
0.004826
0.005596
0.006119
0.005888
0.005570
0.005039
0.004467
0.006614
0.012932
0.010038
0.006048
0.004838
0.004262
0.004209
0.004957
0.005767
0.006330
0.006190
0.005850
0.005289
0.004684
0.004157
0.006751
0.013341
0.010503
0.006313
0.005040
0.004431
0.004302
0.005081
0.005932
0.006534
0.006487
0.006126
0.005534
0.004897
0.004343
0.006881
0.013734
0.010955
0.006571
0.005235
0.004595
0.004391
0.005201
0.006089
0.006730
0.006777
0.006394
0.005772
0.005104
0.004524
0.007004
0.014109
0.011393
0.006819
0.005423
0.004753
0.004178
0.004475
0.005314
0.006239
0.006917
0.007057
0.006654
0.006002
0.005304
0.004698
0.004231
0.007120
0.014464
0.011812
0.007056
0.005603
0.004903
0.004304
0.004554
0.005420
0.006381
0.007094
0.007326
0.006903
0.006223
0.005496
0.004865
0.004379
0.007227
0.014797
0.012210
0.007281
0.005773
0.005045
0.004423
0.004628
0.005520
0.006513
0.007261
0.007581
0.007140
0.006432
0.005678
0.005023
0.004519
0.004155
0.007327
0.015107
0.012584
0.007492
0.005932
0.005177
0.004535
0.004696
0.005612
0.006637
0.007416
0.007822
0.007362
0.006629
0.005848
0.005172
0.004651
0.004273
0.007417
0.015392
0.012930
0.007688
0.006079
0.005300
0.004637
0.004758
0.005696
0.006750
0.007559
0.008045
0.007568
0.006812
0.006007
0.005309
0.004772
0.004383
0.004123
0.007499
0.015651
0.013248
0.007866
0.006213
0.005411
0.004731
0.004133
0.004815
0.005772
0.006852
0.007688
0.008250
0.007757
0.006979
0.006152
0.005435
0.004884
0.004484
0.004196
0.004148
0.007572
0.015882
0.013533
0.008027
0.006334
0.005511
0.004815
0.004204
0.004129
0.004865
0.005840
0.006943
0.007804
0.008434
0.007927
0.007129
0.006282
0.005548
0.004984
0.004574
0.004280
0.004170
0.007635
0.016084
0.013784
0.008168
0.006439
0.005599
0.004888
0.004265
0.004161
0.004908
0.005900
0.007023
0.007905
0.008596
0.008077
0.007261
0.006396
0.005648
0.005072
0.004654
0.004353
0.004126
0.004188
0.007689
0.016257
0.013999
0.008288
0.006530
0.005675
0.004951
0.004318
0.004189
0.004945
0.005950
0.007091
0.007991
0.008735
0.008206
0.007375
0.006494
0.005733
0.005147
0.004722
0.004415
0.004185
0.004203
0.007733
0.016398
0.014177
0.008388
0.006604
0.005736
0.005003
0.004361
0.004212
0.004976
0.005991
0.007147
0.008062
0.008850
0.008311
0.007468
0.006575
0.005803
0.005209
0.004778
0.004467
0.004233
0.004215
0.007767
0.016508
0.014315
0.008465
0.006663
0.005785
0.005043
0.004395
0.004230
0.004999
0.006024
0.007190
0.008117
0.008939
0.008394
0.007541
0.006638
0.005858
0.005257
0.004821
0.004507
0.004270
0.004223
0.007791
0.016586
0.014413
0.008520
0.006704
0.005819
0.005071
0.004419
0.004242
0.005016
0.006046
0.007221
0.008156
0.009002
0.008452
0.007593
0.006683
0.005897
0.005291
0.004852
0.004536
0.004297
0.004228
0.007805
0.016631
0.014470
0.008552
0.006728
0.005838
0.005088
0.004432
0.004249
0.005025
0.006059
0.007238
0.008179
0.009039
0.008486
0.007623
0.006709
0.005919
0.005311
0.004870
0.004552
0.004312
0.004117
0.004229
0.007809
0.016643
0.014486
0.008561
0.006734
0.005844
0.005093
0.004436
0.004251
0.005028
0.006063
0.007243
0.008185
0.009049
0.008496
0.007631
0.006716
0.005925
0.005317
0.004875
0.004557
0.004316
0.004121
0.004227
0.007802
0.016622
0.014460
0.008546
0.006723
0.005835
0.005085
0.004430
0.004248
0.005024
0.006057
0.007235
0.008175
0.009033
0.008480
0.007617
0.006704
0.005915
0.005308
0.004867
0.004549
0.004309
0.004221
0.007786
0.016569
0.014393
0.008509
0.006695
0.005811
0.005065
0.004414
0.004239
0.005012
0.006041
0.007214
0.008148
0.008989
0.008440
0.007582
0.006674
0.005888
0.005284
0.004846
0.004530
0.004291
0.004212
0.007759
0.016483
0.014284
0.008448
0.006650
0.005774
0.005034
0.004387
0.004226
0.004994
0.006016
0.007180
0.008105
0.008919
0.008375
0.007525
0.006624
0.005846
0.005246
0.004812
0.004498
0.004262
0.004200
0.007723
0.016366
0.014136
0.008365
0.006587
0.005722
0.004991
0.004351
0.004207
0.004969
0.005982
0.007134
0.008046
0.008823
0.008287
0.007447
0.006557
0.005787
0.005195
0.004765
0.004455
0.004222
0.004184
0.007676
0.016216
0.013949
0.008260
0.006509
0.005657
0.004936
0.004306
0.004183
0.004937
0.005938
0.007075
0.007971
0.008702
0.008175
0.007348
0.006472
0.005713
0.005129
0.004706
0.004401
0.004171
0.004165
0.007620
0.016036
0.013725
0.008134
0.006414
0.005579
0.004871
0.004251
0.004154
0.004898
0.005886
0.007004
0.007881
0.008557
0.008042
0.007230
0.006369
0.005624
0.005051
0.004635
0.004335
0.004142
0.007555
0.015827
0.013465
0.007988
0.006305
0.005488
0.004795
0.004187
0.004120
0.004853
0.005824
0.006922
0.007776
0.008390
0.007887
0.007093
0.006251
0.005521
0.004960
0.004553
0.004260
0.004116
0.007480
0.015589
0.013171
0.007823
0.006181
0.005384
0.004708
0.004801
0.005754
0.006827
0.007657
0.008200
0.007712
0.006938
0.006117
0.005405
0.004857
0.004460
0.004174
0.007396
0.015323
0.012846
0.007640
0.006043
0.005270
0.004612
0.004743
0.005676
0.006722
0.007524
0.007991
0.007518
0.006767
0.005968
0.005276
0.004743
0.004357
0.007303
0.015032
0.012493
0.007441
0.005893
0.005145
0.004508
0.004680
0.005589
0.006607
0.007378
0.007763
0.007308
0.006581
0.005807
0.005135
0.004619
0.004244
0.007201
0.014716
0.012113
0.007226
0.005731
0.005010
0.004394
0.004610
0.005495
0.006481
0.007220
0.007519
0.007082
0.006381
0.005633
0.004984
0.004485
0.004124
0.007092
0.014377
0.011709
0.006998
0.005559
0.004866
0.004273
0.004535
0.005394
0.006346
0.007051
0.007260
0.006842
0.006169
0.005449
0.004824
0.004343
0.006974
0.014017
0.011285
0.006758
0.005377
0.004714
0.004145
0.004455
0.005286
0.006202
0.006871
0.006988
0.006590
0.005945
0.005255
0.004655
0.004193
0.006849
0.013637
0.010844
0.006507
0.005187
0.004555
0.004369
0.005171
0.006050
0.006682
0.006705
0.006328
0.005713
0.005053
0.004479
0.006717
0.013240
0.010387
0.006247
0.004990
0.004389
0.004279
0.005051
0.005891
0.006483
0.006414
0.006058
0.005473
0.004844
0.004297
0.006579
0.012827
0.009920
0.005981
0.004787
0.004219
0.004185
0.004924
0.005725
0.006278
0.006115
0.005781
0.005227
0.004630
0.006434
0.012401
0.009444
0.005708
0.004580
0.004793
0.005553
0.006065
0.005812
0.005499
0.004976
0.004412
0.006284
0.011962
0.008962
0.005432
0.004369
0.004657
0.005375
0.005847
0.005506
0.005214
0.004723
0.004191
0.006128
0.011514
0.008479
0.005154
0.004156
0.004518
0.005193
0.005624
0.005199
0.004928
0.004469
0.005967
0.011058
0.007995
0.004875
0.004374
0.005007
0.005397
0.004893
0.004643
0.004214
0.005802
0.010597
0.007514
0.004597
0.004228
0.004818
0.005168
0.004589
0.004360
0.005633
0.010131
0.007039
0.004321
0.004626
0.004937
0.004290
0.005460
0.009664
0.006572
0.004433
0.004705
0.005285
0.009197
0.006115
0.004239
0.004473
0.005108
0.008731
0.005670
0.004243
0.004928
0.008269
0.005239
0.004747
0.007813
0.004824
0.004566
0.007363
0.004425
0.004383
0.006921
0.004201
0.006489
0.006068
0.005658
0.005262
0.004880
0.004512
0.004160
);
wavePhases
842
(
1.977467
2.549666
-2.343711
2.597317
0.831638
-2.528728
-1.391737
0.294565
2.874600
2.920981
-2.151280
2.956822
2.872465
-0.091888
1.886718
-2.250094
-0.491588
2.612143
1.835993
2.887076
0.978548
-2.917210
2.193644
2.726860
1.123026
1.619429
1.527646
-0.677158
0.976896
-2.065995
1.294626
-2.941581
-1.401634
-2.851489
-2.531296
2.032345
1.224144
-1.149198
2.828829
-2.925162
-0.384881
-0.744190
1.668291
1.854796
-1.967437
-0.064312
-0.341892
0.919312
1.315478
1.600244
-1.407276
1.129105
0.974509
-2.119873
-2.393908
-0.010279
2.888656
-1.002886
0.535753
-1.735341
1.578757
-1.538783
0.037429
1.250836
2.456118
2.885813
0.296664
-2.270590
-2.203551
-1.523621
2.140790
-1.543891
1.974710
-1.611480
2.697143
-0.942580
-1.906348
-1.563986
0.729130
-0.167831
-0.932051
2.078658
0.535730
0.312423
2.621305
-1.345613
1.616037
1.594227
-0.751181
0.426136
-2.664986
-2.802614
0.193507
1.754059
2.726970
-2.325368
0.432432
-0.192324
-3.066810
-1.023389
-2.122571
1.849044
-1.186171
0.179279
-2.100791
0.640771
-1.489295
0.968108
1.188870
1.559182
-0.310756
-2.614927
-1.702888
2.597075
-2.184173
2.047168
0.240913
3.117306
-2.650401
-0.360163
-2.471474
2.902191
-3.112475
1.727313
1.993675
2.316577
-2.611067
-0.629684
-1.508779
1.885386
-0.430940
2.580175
-1.999014
-1.484070
-2.227144
-2.286649
2.320331
0.500799
0.313281
-2.230815
2.218160
0.766895
-0.936494
0.083249
-0.616958
-2.664280
-1.634155
-2.366757
-1.986066
-1.633926
-0.519826
-2.829605
2.530340
2.794680
-0.057403
-0.067528
-1.019639
2.513612
-0.821547
-2.442885
1.760876
-0.692791
-1.623002
-0.603738
-2.535551
-2.312380
2.777486
2.865978
0.472550
-2.765987
-1.666427
-0.922632
2.018122
-3.044810
-2.871266
-2.079797
0.936920
1.455955
0.928315
-0.308355
0.295366
-1.279754
1.537450
-1.954353
1.173545
-1.988558
-0.826336
0.789285
1.760721
-2.631864
2.697912
1.732354
-0.082991
-0.403012
-0.334368
-1.216742
0.053461
0.067680
1.995714
1.852480
0.906778
-0.762720
1.957718
0.206249
-0.937909
2.758328
2.362118
0.315142
0.769534
0.546918
-1.836309
-1.248806
-0.182694
-1.693393
2.163356
-1.917853
-1.722084
-2.069002
-1.711136
-0.404017
-1.186879
2.660173
-0.438520
-1.980357
2.543942
3.014348
-0.384091
-2.443410
-1.520124
-0.573530
0.596250
-1.494068
0.646182
1.327108
-1.748317
-2.403836
-1.277523
-1.138650
-0.476474
0.049375
-2.604281
-1.492368
1.891331
-2.957996
2.694570
1.447211
-0.071572
0.493388
-1.650696
-0.258560
2.909671
0.294089
0.132800
-1.686442
-0.069758
0.779493
1.125542
-0.656497
-0.832920
3.066081
-2.904472
2.420082
2.596758
1.860978
-2.521365
-1.496207
-1.034483
1.129264
-2.283604
1.390013
-2.470788
0.966086
-0.036606
1.753334
1.351118
2.536651
2.456239
-1.041984
1.248757
-1.898717
-2.949698
1.533564
0.000141
-0.126153
2.542945
0.690313
0.739320
2.258443
1.919447
0.482055
-1.992257
-1.634055
2.428526
-2.961428
-0.063451
-2.086475
3.007639
1.336399
0.002963
-0.181657
-2.766996
1.143363
-2.874990
-2.692688
0.136030
-2.533820
1.998986
1.995207
1.397629
-2.199960
1.002829
0.116835
2.971787
0.936141
1.887033
-0.290298
-0.424797
2.044007
-2.617136
-2.304855
-2.052160
-0.685258
2.082120
1.906095
-2.761641
-0.632982
0.168866
-0.522764
0.985580
0.804080
-1.307003
-0.429448
-3.044284
3.041462
-2.091243
-2.474216
-0.801673
-1.896778
-0.064794
-1.008493
2.837678
2.641024
-2.810613
1.494506
-1.450665
-0.484838
0.300782
2.781799
-0.516829
3.035108
-1.247495
1.263541
1.045138
0.245839
1.244734
1.046326
-2.022353
-2.337254
3.135815
-2.066407
-2.936756
0.384530
2.399338
1.062960
-1.945065
-0.823622
-0.246766
3.026220
-2.158871
2.233816
0.909582
-0.777405
-1.941984
-0.450800
-0.112959
-2.383768
0.562392
-1.720414
-0.724959
0.521419
-1.559448
-1.316700
0.735704
-1.474784
2.038116
3.032664
1.446696
-0.980950
0.528223
-2.464460
2.552909
2.385435
1.996548
-1.503390
0.592858
-3.000142
-0.469610
-1.176722
-2.126954
-2.018372
-0.484524
-2.549532
0.619042
-0.182688
1.231186
1.255932
0.870414
-2.930454
-2.709271
-1.133488
0.193926
0.970411
-0.580446
2.010501
1.371990
2.944611
0.196877
-1.098642
-2.477905
0.697174
1.751766
-0.480959
-2.570933
-1.467303
-2.176139
-1.375984
-0.376456
0.170543
-0.267511
2.358529
0.113425
2.787363
0.865252
2.875776
-1.629186
1.106609
-1.325346
1.079503
1.226104
-2.714381
-1.540699
-1.733908
1.054524
2.163880
-0.977271
1.762557
1.101644
-3.099399
0.641956
-0.711438
2.613750
-3.134360
-0.235939
-0.475329
-0.245570
1.697464
-1.115443
1.789070
-0.179968
-2.916889
-2.036541
1.393347
-0.166592
-2.182017
-0.998244
0.674746
-1.936822
1.498080
-1.615724
2.622754
-1.451029
1.668186
-1.956194
-1.335188
-2.569110
0.478838
1.152105
0.292753
-0.466659
0.907561
0.927509
1.124795
0.853173
2.797111
-1.828816
1.314956
-1.657312
-2.391404
0.674211
-0.313294
-0.259335
1.017529
1.698254
-0.941108
1.017936
-0.526791
2.148404
2.091778
-1.530326
0.712895
0.516787
0.255973
2.324408
-1.477937
-1.143074
-2.392546
2.763530
0.914529
-0.129036
0.875354
0.280960
0.925585
0.275743
1.388877
0.141342
3.102038
-1.767607
-2.476842
-2.452343
-2.742036
-0.599542
-0.324383
-0.843102
1.655648
0.803597
1.708903
2.719699
2.970318
-1.935043
-2.269020
1.233178
-2.552104
0.159621
0.190658
2.269108
-0.095169
-0.669433
1.077134
1.515868
0.125993
-0.956850
-2.199132
0.540932
-1.494485
-2.862279
1.601793
-1.616127
-0.361897
1.179958
-0.884495
1.484968
-0.661572
1.152436
1.282068
-0.362506
-3.018583
-1.062751
-0.475577
-1.443434
-1.903467
2.021434
-0.440317
2.436437
-0.683717
1.690896
-0.648478
1.938451
1.602697
-0.770347
-1.784306
1.824682
2.823060
-1.083438
1.076086
-0.385505
2.095446
1.689261
-2.090708
2.274390
3.077958
0.090625
2.414509
0.553084
-2.169255
-1.885818
-0.584620
1.562664
2.045703
1.821891
-1.140246
0.214031
-2.576416
-2.439725
-2.285241
1.122506
-0.030304
-1.949607
-0.031379
-2.214143
-2.796180
2.203593
0.380507
2.699312
1.235696
0.520191
1.981699
2.381415
3.071922
-3.138310
2.296118
0.707276
3.078448
0.173919
-0.128658
1.893423
-1.710013
-0.011974
2.518630
0.469110
2.168819
1.499421
0.540272
-1.591314
1.045624
-2.617055
0.791429
1.011244
1.443573
2.455168
3.030401
1.690360
0.511743
2.691170
0.503223
-3.034886
-2.382210
2.278979
-0.098668
2.166792
-1.825862
0.328556
0.816081
-2.940587
0.720766
-0.864494
-2.830370
-0.065534
-1.932014
-2.368235
-1.850435
-2.221012
-1.953617
-2.873600
0.849474
-1.370571
0.242510
1.226246
-0.005554
0.224945
-0.344424
-2.362903
-0.060587
2.217953
2.349455
-1.443283
-1.831791
0.408279
0.881605
-0.521322
-1.847410
2.814447
-2.625924
-2.477401
-2.249122
-2.095691
0.760006
0.463132
-2.814378
2.709318
1.436724
1.494403
-2.743210
2.264715
2.729448
3.043564
2.255279
1.794220
0.084053
-2.025683
-0.637181
-2.300078
-2.947508
2.759209
-1.248431
-1.284699
-1.049692
-0.206917
0.931158
-2.983079
2.150148
0.370912
2.224876
-0.955803
-0.339125
-2.800796
-2.028793
1.022953
-1.062933
2.503762
-2.399202
3.068820
0.251215
1.300100
3.138398
-1.332982
-0.537071
-0.220917
1.658491
1.999335
-2.511882
-2.022451
-0.881940
-2.785307
0.137512
-1.031391
-2.037832
-1.828742
2.545655
1.102015
-0.198120
2.589505
-2.488069
1.542811
1.484512
0.388687
-1.984267
0.610797
-1.257033
-2.298873
-1.805778
2.481492
-2.692641
-1.618005
-2.803844
-0.366171
-3.058132
2.495627
-1.905953
-2.554928
-1.210349
-0.276098
-2.502785
3.112625
-1.054992
-1.273308
-2.751751
-1.267671
-2.850359
0.034106
1.642587
0.823537
-2.576787
-2.633519
1.741954
2.545537
0.212195
-2.455757
2.047117
-1.017262
-1.294505
1.547633
-3.076646
-2.837189
1.055048
0.650109
0.164007
1.443307
1.302212
1.767944
-1.332180
1.209714
0.356067
-0.650179
-2.754607
1.760395
-1.020491
0.677741
1.515844
-2.483032
-2.338046
0.311270
-0.092806
2.453431
1.878423
1.472408
-2.819065
-2.683641
-2.585358
1.874594
2.783502
1.154319
-2.311691
1.399420
-2.448221
-2.403363
0.884157
-1.075592
0.966429
1.565339
0.522671
1.508168
-1.666132
1.476282
2.956858
2.305491
-2.599765
-0.839203
-0.821848
1.162568
0.615385
1.818127
-0.831561
-1.847081
-2.597051
1.708611
-1.849302
-0.702010
0.325334
-1.703037
0.891839
-0.097513
-2.187519
1.771431
-2.509464
-1.293919
-1.650134
0.193976
-2.566689
-0.594921
-2.482824
-2.436092
1.787113
);
waveDirs
842
(
-27.150838
-25.139665
-23.128492
-21.117318
-19.106145
-17.094972
-15.083799
-15.083799
-13.072626
-13.072626
-13.072626
-11.061453
-11.061453
-11.061453
-9.050279
-9.050279
-9.050279
-7.039106
-7.039106
-7.039106
-5.027933
-5.027933
-5.027933
-5.027933
-3.016760
-3.016760
-3.016760
-3.016760
-3.016760
-1.005587
-1.005587
-1.005587
-1.005587
-1.005587
-1.005587
1.005587
1.005587
1.005587
1.005587
1.005587
1.005587
1.005587
1.005587
1.005587
3.016760
3.016760
3.016760
3.016760
3.016760
3.016760
3.016760
3.016760
3.016760
5.027933
5.027933
5.027933
5.027933
5.027933
5.027933
5.027933
5.027933
5.027933
5.027933
7.039106
7.039106
7.039106
7.039106
7.039106
7.039106
7.039106
7.039106
7.039106
7.039106
7.039106
9.050279
9.050279
9.050279
9.050279
9.050279
9.050279
9.050279
9.050279
9.050279
9.050279
9.050279
9.050279
11.061453
11.061453
11.061453
11.061453
11.061453
11.061453
11.061453
11.061453
11.061453
11.061453
11.061453
11.061453
13.072626
13.072626
13.072626
13.072626
13.072626
13.072626
13.072626
13.072626
13.072626
13.072626
13.072626
13.072626
13.072626
13.072626
13.072626
15.083799
15.083799
15.083799
15.083799
15.083799
15.083799
15.083799
15.083799
15.083799
15.083799
15.083799
15.083799
15.083799
15.083799
15.083799
17.094972
17.094972
17.094972
17.094972
17.094972
17.094972
17.094972
17.094972
17.094972
17.094972
17.094972
17.094972
17.094972
17.094972
17.094972
19.106145
19.106145
19.106145
19.106145
19.106145
19.106145
19.106145
19.106145
19.106145
19.106145
19.106145
19.106145
19.106145
19.106145
19.106145
19.106145
19.106145
21.117318
21.117318
21.117318
21.117318
21.117318
21.117318
21.117318
21.117318
21.117318
21.117318
21.117318
21.117318
21.117318
21.117318
21.117318
21.117318
21.117318
23.128492
23.128492
23.128492
23.128492
23.128492
23.128492
23.128492
23.128492
23.128492
23.128492
23.128492
23.128492
23.128492
23.128492
23.128492
23.128492
23.128492
23.128492
25.139665
25.139665
25.139665
25.139665
25.139665
25.139665
25.139665
25.139665
25.139665
25.139665
25.139665
25.139665
25.139665
25.139665
25.139665
25.139665
25.139665
25.139665
27.150838
27.150838
27.150838
27.150838
27.150838
27.150838
27.150838
27.150838
27.150838
27.150838
27.150838
27.150838
27.150838
27.150838
27.150838
27.150838
27.150838
27.150838
29.162011
29.162011
29.162011
29.162011
29.162011
29.162011
29.162011
29.162011
29.162011
29.162011
29.162011
29.162011
29.162011
29.162011
29.162011
29.162011
29.162011
29.162011
29.162011
29.162011
29.162011
31.173184
31.173184
31.173184
31.173184
31.173184
31.173184
31.173184
31.173184
31.173184
31.173184
31.173184
31.173184
31.173184
31.173184
31.173184
31.173184
31.173184
31.173184
31.173184
31.173184
31.173184
31.173184
33.184358
33.184358
33.184358
33.184358
33.184358
33.184358
33.184358
33.184358
33.184358
33.184358
33.184358
33.184358
33.184358
33.184358
33.184358
33.184358
33.184358
33.184358
33.184358
33.184358
33.184358
33.184358
33.184358
35.195531
35.195531
35.195531
35.195531
35.195531
35.195531
35.195531
35.195531
35.195531
35.195531
35.195531
35.195531
35.195531
35.195531
35.195531
35.195531
35.195531
35.195531
35.195531
35.195531
35.195531
35.195531
35.195531
37.206704
37.206704
37.206704
37.206704
37.206704
37.206704
37.206704
37.206704
37.206704
37.206704
37.206704
37.206704
37.206704
37.206704
37.206704
37.206704
37.206704
37.206704
37.206704
37.206704
37.206704
37.206704
37.206704
39.217877
39.217877
39.217877
39.217877
39.217877
39.217877
39.217877
39.217877
39.217877
39.217877
39.217877
39.217877
39.217877
39.217877
39.217877
39.217877
39.217877
39.217877
39.217877
39.217877
39.217877
39.217877
39.217877
41.229050
41.229050
41.229050
41.229050
41.229050
41.229050
41.229050
41.229050
41.229050
41.229050
41.229050
41.229050
41.229050
41.229050
41.229050
41.229050
41.229050
41.229050
41.229050
41.229050
41.229050
41.229050
41.229050
43.240223
43.240223
43.240223
43.240223
43.240223
43.240223
43.240223
43.240223
43.240223
43.240223
43.240223
43.240223
43.240223
43.240223
43.240223
43.240223
43.240223
43.240223
43.240223
43.240223
43.240223
43.240223
43.240223
43.240223
45.251397
45.251397
45.251397
45.251397
45.251397
45.251397
45.251397
45.251397
45.251397
45.251397
45.251397
45.251397
45.251397
45.251397
45.251397
45.251397
45.251397
45.251397
45.251397
45.251397
45.251397
45.251397
45.251397
45.251397
47.262570
47.262570
47.262570
47.262570
47.262570
47.262570
47.262570
47.262570
47.262570
47.262570
47.262570
47.262570
47.262570
47.262570
47.262570
47.262570
47.262570
47.262570
47.262570
47.262570
47.262570
47.262570
47.262570
49.273743
49.273743
49.273743
49.273743
49.273743
49.273743
49.273743
49.273743
49.273743
49.273743
49.273743
49.273743
49.273743
49.273743
49.273743
49.273743
49.273743
49.273743
49.273743
49.273743
49.273743
49.273743
49.273743
51.284916
51.284916
51.284916
51.284916
51.284916
51.284916
51.284916
51.284916
51.284916
51.284916
51.284916
51.284916
51.284916
51.284916
51.284916
51.284916
51.284916
51.284916
51.284916
51.284916
51.284916
51.284916
51.284916
53.296089
53.296089
53.296089
53.296089
53.296089
53.296089
53.296089
53.296089
53.296089
53.296089
53.296089
53.296089
53.296089
53.296089
53.296089
53.296089
53.296089
53.296089
53.296089
53.296089
53.296089
53.296089
53.296089
55.307263
55.307263
55.307263
55.307263
55.307263
55.307263
55.307263
55.307263
55.307263
55.307263
55.307263
55.307263
55.307263
55.307263
55.307263
55.307263
55.307263
55.307263
55.307263
55.307263
55.307263
55.307263
55.307263
57.318436
57.318436
57.318436
57.318436
57.318436
57.318436
57.318436
57.318436
57.318436
57.318436
57.318436
57.318436
57.318436
57.318436
57.318436
57.318436
57.318436
57.318436
57.318436
57.318436
57.318436
57.318436
59.329609
59.329609
59.329609
59.329609
59.329609
59.329609
59.329609
59.329609
59.329609
59.329609
59.329609
59.329609
59.329609
59.329609
59.329609
59.329609
59.329609
59.329609
59.329609
59.329609
59.329609
59.329609
61.340782
61.340782
61.340782
61.340782
61.340782
61.340782
61.340782
61.340782
61.340782
61.340782
61.340782
61.340782
61.340782
61.340782
61.340782
61.340782
61.340782
61.340782
61.340782
61.340782
63.351955
63.351955
63.351955
63.351955
63.351955
63.351955
63.351955
63.351955
63.351955
63.351955
63.351955
63.351955
63.351955
63.351955
63.351955
63.351955
63.351955
63.351955
65.363128
65.363128
65.363128
65.363128
65.363128
65.363128
65.363128
65.363128
65.363128
65.363128
65.363128
65.363128
65.363128
65.363128
65.363128
65.363128
65.363128
65.363128
67.374302
67.374302
67.374302
67.374302
67.374302
67.374302
67.374302
67.374302
67.374302
67.374302
67.374302
67.374302
67.374302
67.374302
67.374302
67.374302
67.374302
67.374302
69.385475
69.385475
69.385475
69.385475
69.385475
69.385475
69.385475
69.385475
69.385475
69.385475
69.385475
69.385475
69.385475
69.385475
69.385475
69.385475
69.385475
71.396648
71.396648
71.396648
71.396648
71.396648
71.396648
71.396648
71.396648
71.396648
71.396648
71.396648
71.396648
71.396648
71.396648
71.396648
71.396648
71.396648
73.407821
73.407821
73.407821
73.407821
73.407821
73.407821
73.407821
73.407821
73.407821
73.407821
73.407821
73.407821
73.407821
73.407821
73.407821
75.418994
75.418994
75.418994
75.418994
75.418994
75.418994
75.418994
75.418994
75.418994
75.418994
75.418994
75.418994
75.418994
75.418994
75.418994
77.430168
77.430168
77.430168
77.430168
77.430168
77.430168
77.430168
77.430168
77.430168
77.430168
77.430168
77.430168
77.430168
77.430168
79.441341
79.441341
79.441341
79.441341
79.441341
79.441341
79.441341
79.441341
79.441341
79.441341
79.441341
79.441341
81.452514
81.452514
81.452514
81.452514
81.452514
81.452514
81.452514
81.452514
81.452514
81.452514
81.452514
81.452514
83.463687
83.463687
83.463687
83.463687
83.463687
83.463687
83.463687
83.463687
83.463687
83.463687
83.463687
85.474860
85.474860
85.474860
85.474860
85.474860
85.474860
85.474860
85.474860
85.474860
85.474860
87.486034
87.486034
87.486034
87.486034
87.486034
87.486034
87.486034
87.486034
87.486034
89.497207
89.497207
89.497207
89.497207
89.497207
89.497207
89.497207
91.508380
91.508380
91.508380
91.508380
91.508380
93.519553
93.519553
93.519553
93.519553
93.519553
95.530726
95.530726
95.530726
95.530726
97.541899
97.541899
97.541899
99.553073
99.553073
99.553073
101.564246
101.564246
101.564246
103.575419
103.575419
105.586592
105.586592
107.597765
109.608939
111.620112
113.631285
115.642458
117.653631
);

// ************************************************************************* //
